       1.3145359 
      0.38042150 
      -1.0386388 
      0.42468584 
      -1.4021937 
      0.84278930 
       4.0553464 
       1.1637655 
      0.95343532 
      0.80322474 
    -0.030365733 
       1.3619922 
      -2.1786089 
     -0.25407718 
      0.64306173 
      -2.3047675 
       1.9043527 
      -1.9394562 
       4.1337386 
       12.439517 
      -1.2678352 
      -1.9774689 
      -2.6918727 
      -1.4585833 
      -2.4676318 
      0.52088731 
      -3.7027195 
      -1.1249119 
      0.56788975 
       6.9096528 
      -1.5621861 
       2.3082466 
      0.80195409 
       2.7532630 
       2.4506964 
      -2.1902464 
     -0.49174065 
       2.1441276 
       1.1394808 
       1.0684809 
       23.127625 
       1.5817596 
      -1.1265435 
       3.1190998 
       2.1009436 
      0.70726781 
       3.5774484 
      0.69262901 
       3.3326856 
       2.3129945 
      0.38037012 
       2.1237582 
      0.69853017 
       4.2411603 
       7.6871234 
       5.1350978 
       3.3762487 
      -1.5410431 
       2.2204530 
       2.1004039 
       3.2074149 
      0.74398875 
      0.71171640 
       2.3971310 
       1.0500169 
     -0.97485681 
       2.3181604 
     -0.47076610 
       2.4668987 
      0.87936220 
      0.54391430 
      0.83397148 
      0.76957457 
       6.3577485 
      0.54554247 
      0.59372772 
       8.2141508 
       2.9600963 
       3.8058811 
       2.6497025 
      0.41753314 
      0.59545721 
       1.3825220 
     -0.76298915 
       3.3377389 
       1.1448812 
       1.1037549 
      -1.9968258 
      -1.8347034 
       1.3400506 
     0.051952227 
      0.76591739 
      -2.0630690 
     -0.27486992 
      -2.1455571 
    -0.092369741 
     -0.97909985 
       3.4157834 
       3.2559207 
       1.4436576 
     -0.66768495 
       1.1912476 
       2.1756134 
       2.3965710 
       2.4620197 
       7.5077996 
      -1.7373820 
      -2.1872480 
       73.122783 
       6.6447843 
       15.563813 
      0.41095583 
      -3.4871476 
      0.81899676 
      0.56997110 
      -1.8019178 
       1.6696166 
       21.480003 
      -1.4182898 
      0.87520935 
      0.93950839 
       4.0135596 
      0.65046280 
     -0.34498845 
      -1.3924313 
       1.7392285 
       2.1890970 
       1.3015614 
      0.61227047 
     -0.91894156 
      -2.6251156 
       5.6485249 
       2.2962721 
      -1.6181072 
      0.20255593 
       2.7680601 
     -0.37926177 
       7.2519112 
     -0.91502232 
      -1.7104441 
      0.97628536 
      0.94085929 
      -1.2329576 
       1.7509168 
      0.48649598 
       2.4483783 
       3.3991067 
     -0.30612254 
       1.1867546 
       2.0134142 
       6.3374452 
     -0.32929332 
      -2.3703644 
       7.8195123 
      -1.0361091 
       3.7983387 
      0.69456863 
       8.3543501 
       2.1231263 
       1.5284485 
       1.9970107 
       2.1576856 
       2.6164217 
      -1.4179308 
      0.52007659 
       3.3005165 
       1.1576974 
       2.0273683 
      0.84286893 
     -0.30095967 
      -2.4419939 
       1.0973329 
      0.75040465 
       5.4739034 
      0.11131320 
      0.58523697 
       1.3946683 
       1.3323004 
      -2.3039864 
       1.7762472 
      -2.2113571 
       2.3847047 
       1.4701220 
      0.59618062 
      0.21312124 
      -1.3613846 
       2.1433468 
      -2.0307403 
       1.9393428 
       8.2566173 
       6.0625126 
       9.7156459 
      0.63218333 
     -0.29089080 
      -1.9576124 
       2.4064877 
       1.6190414 
      -1.8619880 
      0.66599116 
      -2.6402834 
       1.1586838 
       1.5122650 
      0.82430079 
       10.763685 
     -0.82705388 
       6.9881291 
      0.66681728 
       1.9497130 
       2.8625607 
       5.2820316 
       14.176467 
       1.3663592 
       1.7872402 
       1.1691696 
      0.87314345 
     -0.56399334 
      -1.3683965 
       1.3009750 
       1.9953252 
       1.0343774 
       2.6460067 
       3.8766342 
       1.6742823 
       1.9959138 
      -1.6353799 
       3.1995508 
       1.0191151 
      0.69245090 
       6.9840483 
       2.5695184 
       1.1749250 
       1.3032987 
      -4.4761223 
      0.40625672 
       1.2055942 
       4.5317960 
      -1.0502424 
       1.6227626 
      0.81115130 
       1.4137135 
      0.67702157 
      -1.5867095 
      -1.0648075 
       6.2779740 
      0.20943025 
      0.73541183 
      -1.2576204 
       1.5570025 
       3.7338378 
      0.37227233 
       8.3008629 
      -2.4014590 
      0.85416983 
       3.9197460 
      0.46185179 
     -0.32109361 
       1.6088072 
       1.6637946 
       1.3235410 
      0.75885588 
       1.0523206 
     0.066071431 
       2.1377917 
       5.5363667 
       2.4662461 
      -1.2787103 
       1.8542435 
      -2.2284033 
     -0.14142065 
       10.999581 
     -0.57548899 
       2.3648301 
       1.2211216 
       1.3195929 
       2.2825057 
      -1.3346430 
       1.0417185 
      -1.2905566 
      -2.4627428 
       2.3028889 
     -0.95702958 
       4.4825677 
       2.3855340 
       1.3784813 
      -1.4092963 
       2.5290928 
       2.6643390 
      0.93831127 
       1.7950339 
      0.85119513 
      0.72417464 
      -1.2852784 
      -2.1584871 
      -1.5695778 
       1.5679299 
     -0.94095129 
       4.9636528 
       3.9830331 
       1.9104816 
      0.89366308 
       2.4932936 
       2.5291588 
       1.9890622 
       8.2876411 
      0.71099059 
     -0.80739829 
       5.2180420 
      -1.2190796 
       5.7613751 
      -1.2850968 
       1.7739586 
      0.86732716 
     -0.54035947 
     -0.82050351 
     -0.27554619 
       1.8871463 
       4.4268319 
       1.8001424 
      -1.3087979 
       1.8609390 
       2.1590402 
       4.4387676 
       1.7463261 
      -2.1569941 
       2.8630285 
       1.6754826 
      -1.7252284 
       14.993621 
       1.6662613 
      0.61348900 
     -0.93181724 
      -1.5265719 
       1.5311027 
       4.2419597 
       5.7407262 
       1.0683558 
       1.5140092 
       2.2719166 
       2.2599130 
       1.2038898 
       3.3883099 
     -0.52385485 
      -1.3764440 
       1.7774269 
      0.71818150 
       3.1179459 
       1.2699990 
       2.6061110 
       10.712526 
     -0.92149388 
       1.1730218 
       5.9235461 
      0.23590773 
      -1.1169604 
       1.6400018 
      0.97202587 
       1.4111677 
       1.5404874 
       2.5875687 
      0.63030599 
       2.9451133 
      -1.4187264 
      -2.2516571 
       1.5263885 
       2.2571418 
     -0.90450477 
       2.0161131 
      -1.2921927 
       1.3848592 
       1.9684330 
       1.4003267 
       3.2890278 
       2.3212856 
      0.51370894 
       1.2819298 
      -1.4952764 
     -0.12141973 
      -1.2996388 
      0.77332470 
       1.2411073 
       1.5917990 
       1.7665772 
      -2.2499046 
     -0.37087181 
     -0.43656109 
       2.0371514 
       1.7800504 
       1.2262695 
      0.48221712 
       1.2692776 
       2.1257486 
       1.6512434 
      0.90113396 
      -1.7804484 
       4.7635161 
       1.4009662 
     -0.66606893 
       5.4694114 
       2.3253383 
      -1.4915144 
      -1.7034541 
      0.77681664 
       3.9586081 
       1.6888232 
      0.74317403 
       1.0567410 
       1.2134066 
       1.4681999 
     -0.13048408 
       1.2417148 
       1.9682420 
       2.0113416 
       5.2629634 
     0.044575076 
     -0.80818114 
       4.2304037 
       2.5633957 
       2.2607163 
      -1.7210662 
       1.2429171 
      -1.6583623 
       1.2323923 
       1.3535033 
     -0.95821369 
       1.1639673 
       1.2738876 
       2.0140471 
      0.82803078 
       1.9817405 
       5.4477312 
       2.2554753 
       7.7362720 
       1.2168190 
       4.9923327 
      -2.5517353 
       1.1976376 
       2.2252364 
       1.9323001 
      -1.5067057 
       2.8348481 
      -2.1099440 
       4.1342541 
     -0.75302653 
      -1.0815184 
      0.81486059 
      0.95804575 
       1.4021865 
       9.4690345 
       2.3485948 
       2.4998339 
       3.7097708 
       1.0666241 
       2.6320565 
      -1.6496964 
       1.0582522 
      -1.1515463 
       1.4079195 
    -0.096733924 
       2.1740940 
      -1.2888270 
       1.8940155 
      0.39804669 
    -0.035839715 
       1.7494194 
       2.4481729 
       1.8411006 
       1.0037520 
     -0.33557449 
       1.3849883 
       12.009226 
       1.6197568 
       1.5322313 
      -2.1478942 
      0.69211404 
      -1.3350933 
       1.7074040 
       1.7505263 
     -0.70185215 
       20.182091 
       1.1086857 
      0.11193574 
       2.1927120 
    -0.054433813 
       2.2579669 
       2.3733562 
      -1.0725528 
       12.496810 
     -0.67515657 
      -1.4272026 
      -1.6089861 
     -0.38290659 
      -2.0140234 
      -1.6239954 
      -1.4620429 
       8.0351037 
       1.4792816 
      0.33283088 
      0.15016375 
       1.1325048 
       3.9392668 