0.5009746 0.5345636
0.4820743 0.4184524
0.8056203 0.7640945
0.8204138 0.7694697
0.552663 0.4486512
0.2439569 0.2730053
0.7616294 0.6114455
0.5552747 0.5012412
0.4896396 0.4607222
0.9217631 0.774301
0.5699159 0.559921
0.6611596 0.4542411
0.9496375 0.825741
0.7840033 0.5993092
0.5138508 0.397545
0.6393588 0.4950904
0.8864101 0.828814
0.7616543 0.7268642
0.5928278 0.4855968
0.5122745 0.4635503
0.2983526 0.388172
0.7179893 0.6441044
0.1898426 0.1716107
0.9282439 0.8608648
0.4936416 0.5343181
0.7629354 0.7168148
0.3090236 0.4136539
0.6436405 0.2974070
0.6085053 0.5293543
0.9172959 0.8007556
0.7435024 0.663764
0.3743857 0.4101641
0.5529542 0.4420563
0.3981179 0.4631702
0.9296111 0.8429913
0.3076515 0.438312
0.8556774 0.7998727
0.5309702 0.5087204
0.2203737 0.272816
0.1356738 0.1258283
0.1311785 0.04668845
0.2473992 0.1932059
0.07662765 0.02860205
0.542415 0.4816884
0.7875615 0.6677324
0.0497141 0.1486598
0.5466713 0.3915687
0.1194714 0.1373199
0.5572308 0.5172833
0.75184 0.6168808
0.04842892 0.09532065
0.2043235 0.2580055
0.6913558 0.5337189
0.701061 0.5519907
0.5724803 0.5246373
0.3126946 0.4452335
0.1047245 0.06002794
0.8619739 0.7544949
0.9577581 0.8200859
0.9539699 0.8733275
0.6234203 0.4003237
0.1952022 0.218795
0.1097158 -0.009008564
0.2559533 0.3032599
0.06374913 0.08258285
0.1279646 0.06188072
0.5575113 0.4873641
0.2898896 0.2953456
0.799486 0.7091653
0.3436329 0.3824047
0.5268907 0.485829
0.3433794 0.4501997
0.1767425 0.07022533
0.1071467 0.0731107
0.3297866 0.3703094
0.3658803 0.4017818
0.1519297 0.1403379
0.345548 0.485484
0.3786918 0.5017712
0.6391673 0.4303642
0.5799145 0.5177788
0.6253213 0.3315945
0.7916195 0.7144601
0.0588389 0.05404361
0.09042752 0.01053321
0.1260167 0.02265311
0.1784776 0.1513094
0.7724486 0.5571579
0.7912116 0.745076
0.3279696 0.45125
0.4753913 0.3797954
0.4320732 0.3514081
0.4659378 0.446948
0.8247138 0.7623545
0.07696873 -0.01985704
0.5934129 0.4518006
0.5423433 0.4355127
0.6110534 0.4584006
0.3057454 0.3731742
0.8181756 0.8110344
0.3250017 0.3822033
0.995494 0.8939817
0.915801 0.8643478
0.009743343 0.01771289
0.7323092 0.5858038
0.8863075 0.7275805
0.9353481 0.8027428
0.493488 0.4434505
0.3665972 0.4541989
0.4117755 0.4855492
0.2534752 0.2278479
0.800511 0.799322
0.428883 0.3578039
0.0335768 0.02278001
0.7898844 0.6954365
0.8243916 0.7507375
0.5534877 0.5307223
0.4315394 0.4032647
0.3693817 0.5364931
0.1056198 0.1631229
0.4361831 0.3600646
0.7685811 0.6055409
0.3829903 0.3797550
0.4494626 0.4140535
0.9773269 0.9415715
0.5598409 0.5171339
0.6242023 0.5442457
0.9352552 0.8285641
0.001576792 -0.002233484
0.7296114 0.5626365
0.1895641 0.1036530
0.4019913 0.411722
0.7515214 0.6702839
0.6287523 0.3662889
0.7754142 0.6874651
0.8345375 0.7598429
0.01010543 0.04660802
0.1596121 0.2004146
0.610939 0.3963208
0.8581736 0.749291
0.7494115 0.6840364
0.01131647 -0.01897036
0.07493364 -0.01437058
0.3878474 0.4437697
0.2314636 0.2291763
0.3508211 0.3747244
0.08987909 0.07929847
0.5707636 0.476973
0.9534447 0.8942334
0.5355605 0.3981756
0.5721462 0.4587514
0.2021879 0.1436092
0.1818843 0.2206250
0.4405601 0.3521749
0.2849986 0.4101553
0.5837316 0.4869392
0.792401 0.7079796
0.4285164 0.3608161
0.6008025 0.4928852
0.5642618 0.5211898
0.06233495 0.01609451
0.1157508 0.08597936
0.4833018 0.5335232
0.806527 0.8018352
0.3337489 0.3796191
0.9065894 0.7751355
0.7044577 0.5877786
0.1276819 0.1313954
0.8289859 0.7913678
0.1935954 0.2006324
0.573984 0.4626203
0.5737103 0.4390453
0.3965015 0.4152664
0.939144 0.9132356
0.08397722 0.1378552
0.8255675 0.6829809
0.1044323 0.07776294
0.576886 0.5438853
0.7007835 0.5621505
0.2893476 0.3552577
0.6803902 0.5461957
0.8923821 0.7895163
0.7141944 0.5650339
0.854121 0.8337036
0.3924216 0.385769
0.8356913 0.7775233
0.927562 0.898983
0.8252844 0.7039247
0.2317194 0.2192290
0.9364353 0.8941248
0.3597565 0.4732515
0.4936355 0.4636134
0.6646516 0.3864553
0.2221742 0.1662898
0.2823772 0.3621382
0.7730326 0.6546045
0.4454418 0.4066513
0.2129348 0.176145
0.5975116 0.4510502
0.7136577 0.5869166
